
1037562934
1071989231
1084155607
1127227450
1130544890
1131130354
1145201250
1150056759
1150161640
1344937239
1628169996
1665607449
1708381784
2733657472
2738373916
2738375469
2740098764
2740099133
2740099308
2740099629
2740099803
2742044566
2742045978
2742047433
2742048708
2742050022
2742061275
2745617003
2745617762
2745618860
2745620527
2745621652
2745622872
2745624438
2745626424
2749752606
2749753662
2750405959
2750786427
2750787305
2752109231
2752114665
2752116821
2752323258
2752743529
2752749014
2752751228
2755201570
2755208887
2755220932
2755227800
2755667614
2756893990
2756896289
2756900637
2756902272
2757836241
2757844718
2757849041
2757850353
2762042222
2763156103
2763157913
2763160397
2763946865
2764583857
2764585540
2764587236
2765817063
2766520172
2766521609
2766523667
2767326019
2768280166
2768285302
2768286949
2769478456
2769991186
2769997146
2771129352
2771133244
2771847127
2771850103
2771854778
2772856549
2772862831
2773730142
2773732038
2773733457
2773735255
2773736843
2787452414
2787454420
2787594084
2788273930
2788279121
2789229695
2789239918
2790165113
2790168033
2790175491
2791470047
2791539470
2791910652
2791913405
2792806906
2793417876
2793418915
2793695155
2794642744
2795470493
2795475689
2795477455
2796338255
2796342333
2796655489
2797001619
2797002777
2798477427
2798990905
2798995486
2798998219
2799000913
2799004370
2799885172
2799955231
2800827207
2800832783
2801654396
2802643476
2802645803
2802649430
2803745333
2803748463
2804423702
2804426157
2804429855
2805754536
2806112655
2806120291
2806122046
2807115937
2807116298
2807406963
2807893299
2807896155
2807898349
2808822184
2808824838
2809613571
2809616443
2809618299
2809619650
2811293072
2811296823
2811299173
2811301671
2812110022
2812253984
2813006039
2813007620
2813009122
2813810441
2813815966
2815244157
2815254055
2815753152
2816044207
2816046142
2817006383
2817009261
2818129318
2818130911
2818464827
2818467716
2819231864
2819233763
2819674360
2820254684
2820788257
2820789480
2821429699
2821431133
2822434852
2822436330
2822437405
2822480576
2822977589
2822978158
2823467516
2824232680
2824235609
2824683632
2825387928
2825534310
2825535016
2826862258
2827627944
2827629629
2827631149
2828520645
2828521926
2828724013
2829272805
2829274117
2830150620
2830151906
2830156338
2830784961
2831594548
2831596131
2831598218
2832091229
2832101453
2832737715
2832903079
2832907627
2832911396
2833382517
2833383778
2833385118
2837131369
2837137659
2837268389
2837272952
2837748173
2837748436
2838622955
2838628367
2838639472
2839507466
2840730755
2840734798
2841048147
2841048628
2841654456
2841657123
2843211791
2843213952
2843215158
2843217609
2844084746
2844087547
2844103417
2845757225
2845760121
2845787535
2846520221
2846521848
2847032972
2847033241
2847215438
2847779078
2847784634
2848710973
2848713157
2848716172
2849730033
2850145219
2850146844
2850149223
2850151381
2850855852
2851588090
2851591513
2851593086
2852961462
2852963414
2853493592
2853498539
2853500210
2854548869
2854549935
2854551802
2854552998
2855273390
2855337027
2855357046
2855442996
2856107909
2856109492
2856935417
2856955401
2857405640
2857406251
2857588822
2858421639
2858713152
2859096923
2859098890
2859100352
2860137447
2860191755
2860521600
2860524079
2860525852
2861305749
2861308015
2861762734
2861926337
2861929313
2863117606
2863356380
2863359442
2863362301
2863368439
2863804499
2864818401
2864821725
2864822896
2865683476
2866104510
2866357428
2866359366
2866360725
2867149075
2867793102
2867796209
2868517760
2868519883
2869067953
2869206113
2869208374
2869209080
2869948444
2869949903
2870444816
2870604409
2870606627
2870607896
2871669517
2871812430
2871813673
2871815432
2871978714
2871979965
2872685809
2872687372
2873358652
2873359935
2874868080
2874869737
2875492246
2875496854
2875510498
2875662611
2876126238
2876126541
2876803818
2877100351
2877481666
2877482128
2878357658
2878488168
2878737760
2878738213
2878738415
2878740838
2878828984
2879981930
2880052909
2880195778
2881419875
2881693231
2881693930
2881694707
2882574017
2882575199
2882741126
2883122263
2883124798
2883126435
2883129434
2884551025
2884552193
2884552820
2884553732
2885436416
2885824610
2885925903
2886890437
2887026472
2887266557
2887533413
2888396239
2895241593
2895750357
2895885410
2895886200
2896916661
2897100453
2897254096
2898368003
2898369004
2898415799
2898613460
2898614835
2898617259
2899640051
2899832504
2899947449
2899956633
2900897359
2900902801
2901295662
2901296202
2902496345
2902643754
2902644818
2903583085
2903588584
2903870388
2904063161
2904351476
2904515941
2904778173
2914539460
2914542570
2914675427
2915074212
2915168308
2915169232
2916137538
2916138214
2916341379
2916468840
2916469773
2917469761
2917597057
2917744207
2917745672
2918777162
2918777964
2918779039
2919228313
2919665957
2920317999
2920386800
2920926734
2921849895
2921851967
2922652040
2922653647
2922944716
2922945166
2923227854
2923228504
2923244004
2923376083
2923385295
2923966281
2924031920
2924375249
2924787245
2924801132
2925428423
2925792262
2925870820
2926149152
2926165703
2927042581
2927185839
2927499566
2928199231
2928277734
2928278969
2928502363
2928623035
2928922950
2929296726
2929297019
2930021959
2930285264
2930287221
2931678240
2931679497
2931691041
2931775229
2931938314
2932536963
2932940305
2933210571
2933213899
2933407949
2934794974
2935406927
2935520703
2935546301
2935725730
2935993409
2936047368
2936342226
2936414885
2936470785
2936532667
2936656232
2937162036
2937164735
2937300413
2937393873
2937747599
2937747882
2938220090
2938570884
2938746953
2938748752
2939873223
2940248666
2940425194
2940438603
2940850490
2941002632
2941189428
2941227770
2941229933
2941433657
2941536428
2942219854
2942655917
2942697017
2942706767
2942755141
2942884444
2943306065
2943379297
2943821640
2943843214
2943954724
2943954960
2944942580
2945058454
2945149188
2945282557
2945283394
2946312288
2946313517
2946470181
2946471153
2946549837
2946634122
2946677369
2946680475
2947743467
2947779639
2948027064
2948027532
2949134052
2949410067
2949423271
2950497062
2950650785
2950838575
2952077963
2952358714
2953229290
2953666050
2953943121
2953944520
2955100838
2955322936
2955324146
2955325395
2956493544
2956573478
2956724011
2956725246
2957844411
2957882678
2958082011
2959220168
2959457366
2959460556
2960434419
2960768633
2960853592
2961285926
2961975200
2962376200
2962401613
2962819094
2963380319
2963789815
2965114918
2965208242
2965209043
2965300644
2966303196
2966307576
2966567270
2966568138
2967934081
2968086241
2968331675
2969629525
2970935863
2971046345
2971161426
2971254321
2972046312
2972050934
2972055272
2972059337
2972062215
2972064776
2972449339
2972542639
2972789730
2973080290
2973259199
2973414256
2973689984
2973691255
2973820081
2974450644
2974779252
2974840984
2975045484
2976097743
2976100117
2976101682
2976260346
2976260808
2976261129
2976261415
2976261601
2976261785
2977419320
2977499923
2977501941
2977668225
2977668480
2978440786
2978445594
2978447693
2978580954
2978951807
2978952996
2978953484
2980217461
2980217520
2980217633
2980217754
2980301088
2981453015
2981465224
2981670874
2981672548
2981673803
2981678122
2981717050
2981719724
2981722764
2982657797
2982867301
2983021531
2983104872
2983105592
2983105995
2984345888
2984345981
2984346117
2984346239
2984346337
2984346431
2984437675
2984438933
2985454168
2985665093
2985666899
2985667903
3025842819
3027691195
3027695031
3027697331
3027699168
3029785919
3029787546
3029791536
3029792996
3029794339
3032599282
3032600009
3032600519
3032601006
3032602182
3032603295
3032603915
3032604796
3032605796
3032606531
3035213474
3039187973
3039189082
3039189733
3039190302
3044703914
3044705869
3044707130
3044708158
3044709369
3044710771
3044711883
3046715760
3048157285
3048749690
3048750349
3048751704
3056560017
3056563749
3056566757
3056569208
3056638885
3057922254
3057923231
3059549929
3059550983
3059635427
3059835831
3059836800
3059837294
3059838188
3059838266
3063603812
3066739454
3070350282
3070402403
3070402939
3070403456
3070404520
3070405376
3070405915
3070406500
3077260424
3083595646
3083596805
3083597542
3083598333
3083600145
3083600918
3083602142
3083602828
3083605137
3083605851
3083606470
3083607319
3083608082
672705906
673964612
674054909
674597644
676432750
677572792
677620361
679986730
680242084
681506026
681512627
683896857
686777785
687501765
701536843
716285530
3232558333
3232558087
3232557814
3232557678
3232557411
3232557092
3232557013
3218321619
